 3.02485094980924001E+0000  7.61318313301310963E-0001  7.11567457152422801E+0001  2.83947666675835938E+0002  1.70625995465805963E+0002  1.57685839775353802E+0002   2016.227  2457471.5000     1    0.0
 3.05907898533687952E+0000  6.34240960679044727E-0001  7.18572461108164041E+0001  2.83336403652666333E+0002  1.74411408884966744E+0002 -1.28745281609100161E+0002   2016.227  2457471.5000     2    0.0
 3.16073444499759550E+0000  5.95830835584065962E-0001  7.00505080167121162E+0001  2.83386416364341435E+0002  1.73290950818640721E+0002 -3.61850359256357602E+0001   2016.227  2457471.5000     3    0.0
 3.03126480554660502E+0000  6.48656194429129836E-0001  7.19962625416333954E+0001  2.83376950583535687E+0002  1.75258240590262765E+0002  1.75666030289126476E+0002   2016.227  2457471.5000     4    0.0
 3.01105755000132010E+0000  6.92511270796950890E-0001  7.23733771282201438E+0001  2.83611330574239192E+0002  1.71922647237926915E+0002 -1.22904616237172430E+0002   2016.227  2457471.5000     5    0.0
 3.03208262407729953E+0000  7.18019446771641367E-0001  7.26099681676223124E+0001  2.82553016514965191E+0002  1.77200370189462234E+0002  3.69789528264944162E+0001   2016.227  2457471.5000     6    0.0
 3.02300387902206090E+0000  7.13028915283330897E-0001  7.27274344561540805E+0001  2.82520688511022520E+0002  1.77099008156506068E+0002  1.32846364795250559E+0002   2016.227  2457471.5000     7    0.0
 2.90580773668055626E+0000  7.41702969996829070E-0001  7.44112680978637459E+0001  2.83428954825620914E+0002  1.75391443692955963E+0002  1.23304826257998000E+0002   2016.227  2457471.5000     8    0.0
 2.95727853538813935E+0000  7.59504438973365080E-0001  7.07997696982598988E+0001  2.81442592204153657E+0002  1.90878182909723157E+0002  9.71805278316973728E+0001   2016.227  2457471.5000     9    0.0
 3.11911660968416138E+0000  6.35592407245732843E-0001  6.98602697058480484E+0001  2.81604175783207893E+0002  1.89396825684098259E+0002 -1.63632171532539241E+0002   2016.227  2457471.5000    10    0.0
 3.05094692510419905E+0000  6.33129823590035893E-0001  7.21225286088526043E+0001  2.82058564536934244E+0002  1.81476559218383555E+0002 -1.10791262261893784E+0002   2016.227  2457471.5000    11    0.0
 3.14554650015899273E+0000  6.40355425829844022E-0001  6.90161553810101973E+0001  2.80987705217349792E+0002  1.91505982103460396E+0002  1.54494739443499303E+0002   2016.227  2457471.5000    12    0.0
 2.99960796032660462E+0000  6.88769688495073150E-0001  7.20949341004866940E+0001  2.81568360050920356E+0002  1.87294864447084691E+0002  3.49666615151906334E+0001   2016.227  2457471.5000    13    0.0
 3.11186058718151898E+0000  6.10712276874713277E-0001  7.05571048566049472E+0001  2.81764941968985665E+0002  1.85625776699943195E+0002 -1.22546959994760937E+0002   2016.227  2457471.5000    14    0.0
 2.97114672167531324E+0000  6.80464514384813115E-0001  7.29823160133678338E+0001  2.83440030777601487E+0002  1.76177333778829125E+0002 -8.26422546855828396E+0001   2016.227  2457471.5000    15    0.0
 2.99424177802785386E+0000  7.22928892498869403E-0001  7.07814387544645560E+0001  2.81350207494554631E+0002  1.90345846780262556E+0002  6.38090617509922878E+0001   2016.227  2457471.5000    16    0.0
 2.99623004758196505E+0000  6.75772313147106862E-0001  7.28767621236992595E+0001  2.83325355428721025E+0002  1.74126749539562317E+0002  3.47471997625650651E+0001   2016.227  2457471.5000    17    0.0
 3.10220941355232823E+0000  6.47574246793671770E-0001  7.03623442434382384E+0001  2.81443017731323151E+0002  1.87574838465040474E+0002 -1.74850107180434684E+0002   2016.227  2457471.5000    18    0.0
 3.08286773088813603E+0000  6.36180797615298842E-0001  7.10005518352212676E+0001  2.81325466571732462E+0002  1.86850656946815411E+0002  1.01067463747127705E+0002   2016.227  2457471.5000    19    0.0
 3.07944191759991047E+0000  6.28719177061015876E-0001  7.13980312766623682E+0001  2.81820409156230740E+0002  1.85416676058848193E+0002  1.30358961697062963E+0002   2016.227  2457471.5000    20    0.0
 3.01686050592767386E+0000  6.58703618650831902E-0001  7.29799170198621151E+0001  2.82628095069859212E+0002  1.80064124000570492E+0002 -1.07609895016265255E+0002   2016.227  2457471.5000    21    0.0
 3.01459633562756325E+0000  7.17672400747974491E-0001  7.28177913083729251E+0001  2.82503323746999412E+0002  1.77234202938626385E+0002  1.34599783357087346E+0002   2016.227  2457471.5000    22    0.0
 3.03922520798920686E+0000  7.29750171109340870E-0001  7.06952480264419271E+0001  2.81301050044365633E+0002  1.87542877106992209E+0002 -1.24576128178257333E+0002   2016.227  2457471.5000    23    0.0
 2.96889863357578443E+0000  6.79641323791143284E-0001  7.35277863923576699E+0001  2.83179859137110253E+0002  1.77170053432908460E+0002  1.41936758091169779E+0002   2016.227  2457471.5000    24    0.0
 2.99889584512962867E+0000  7.08150419980892481E-0001  7.26981297055478467E+0001  2.81822843854214582E+0002  1.83188885040022489E+0002  4.88363273124713598E+0001   2016.227  2457471.5000    25    0.0
 3.43916695737966661E+0000  4.98780285662800136E-0001  6.74113977175273952E+0001  2.81427660349793972E+0002  1.84807541389533627E+0002 -1.53744234335916084E+0002   2016.227  2457471.5000    26    0.0
 3.08011641272665199E+0000  6.40588367755803915E-0001  7.13124442792129117E+0001  2.83287784711513625E+0002  1.72722990164760406E+0002  1.70012943549652585E+0001   2016.227  2457471.5000    27    0.0
 2.91694664941760447E+0000  7.03311212175845477E-0001  7.40842126156024145E+0001  2.83564387692196647E+0002  1.77324321887211878E+0002 -1.32193080859257940E+0002   2016.227  2457471.5000    28    0.0
 3.01305897734664980E+0000  7.22913734187580506E-0001  7.26878347113316029E+0001  2.82447872117224226E+0002  1.77312400182597008E+0002  3.68117245280435378E+0001   2016.227  2457471.5000    29    0.0
 3.00284377893403934E+0000  7.11704065728423957E-0001  7.33216734852101310E+0001  2.82435647040216879E+0002  1.77454706061672174E+0002  1.51988821743995754E+0002   2016.227  2457471.5000    30    0.0
 3.06903704395409947E+0000  6.41234047935035719E-0001  7.13325990916377988E+0001  2.82179491784419964E+0002  1.85928245489755882E+0002 -8.73636801964338836E+0001   2016.227  2457471.5000    31    0.0
 3.03860831984812382E+0000  6.52653433724361477E-0001  7.24991474716208000E+0001  2.82268097216407061E+0002  1.81084419504216711E+0002  5.58425809941282835E+0001   2016.227  2457471.5000    32    0.0
 3.11130511806375975E+0000  6.22000864761150261E-0001  7.10224543930938032E+0001  2.83429725082137816E+0002  1.72349575811712670E+0002 -9.56721507400713161E+0001   2016.227  2457471.5000    33    0.0
 3.13619322133994462E+0000  6.07280844642765704E-0001  7.05985974921232475E+0001  2.83160447929437689E+0002  1.72775879245818860E+0002  2.09931002428218497E+0001   2016.227  2457471.5000    34    0.0
 3.01528790734401369E+0000  6.90050254093429064E-0001  7.20852866363719890E+0001  2.83712090935829079E+0002  1.71609879299039011E+0002  8.75800231861260212E+0001   2016.227  2457471.5000    35    0.0
 3.00187049144603211E+0000  6.73125534045393046E-0001  7.29800927892261467E+0001  2.83181984968129247E+0002  1.74056572338986255E+0002 -1.29942792107930652E+0002   2016.227  2457471.5000    36    0.0
 3.03199914130305628E+0000  7.62346879119199848E-0001  7.06761681153278070E+0001  2.83968672419475865E+0002  1.70505390474975940E+0002  1.66054668443760145E+0002   2016.227  2457471.5000    37    0.0
 3.06912404098488632E+0000  6.46031632206295042E-0001  7.14347379653229684E+0001  2.83532584864559098E+0002  1.71900610509269568E+0002 -7.47211479455357225E+0001   2016.227  2457471.5000    38    0.0
 3.05531345839395680E+0000  6.83325200734291576E-0001  7.14660634789672000E+0001  2.83678078651434939E+0002  1.71777375751759813E+0002 -1.02962446689413982E+0002   2016.227  2457471.5000    39    0.0
 3.06268614342168696E+0000  6.43649923121387313E-0001  7.18117355303075541E+0001  2.83305312086536651E+0002  1.72959810224597644E+0002  4.86779003407461575E+0001   2016.227  2457471.5000    40    0.0
 3.00381935021076932E+0000  6.77524929926061688E-0001  7.21348600436526600E+0001  2.82052303847216355E+0002  1.86421419327546359E+0002  2.06025089574840603E+0000   2016.227  2457471.5000    41    0.0
 2.99421632817346828E+0000  6.59379642713141967E-0001  7.28187760346718880E+0001  2.83282781807814883E+0002  1.77374163118188146E+0002 -1.71595986952266824E+0002   2016.227  2457471.5000    42    0.0
 3.02561668353898534E+0000  7.60702930564584583E-0001  7.10795324367788152E+0001  2.83954135598384562E+0002  1.70588652115375445E+0002  1.56940673483436788E+0002   2016.227  2457471.5000    43    0.0
 3.03053854328566632E+0000  6.36221407371762866E-0001  7.22086369253552722E+0001  2.83235236146358505E+0002  1.77569925041331862E+0002  1.69600087387477692E+0002   2016.227  2457471.5000    44    0.0
 2.93923723770465967E+0000  6.92580219791369895E-0001  7.39711011169944514E+0001  2.83315687704077433E+0002  1.76983910946043693E+0002 -3.38714166034603664E+0000   2016.227  2457471.5000    45    0.0
 3.03345212732130473E+0000  6.81990162036783594E-0001  7.23749289895334427E+0001  2.82380398046691869E+0002  1.78829352341257015E+0002 -4.17506857169743984E+0001   2016.227  2457471.5000    46    0.0
 3.03091725747717395E+0000  7.62865603182499061E-0001  7.06660347888030424E+0001  2.84040577138136171E+0002  1.70574732291789765E+0002  1.76607725386145743E+0002   2016.227  2457471.5000    47    0.0
 3.09581373539800243E+0000  6.20103937080751864E-0001  7.13999081243396915E+0001  2.83398086789353607E+0002  1.73900756635897332E+0002  1.60530061373853712E+0002   2016.227  2457471.5000    48    0.0
 3.14031305441340923E+0000  6.54872584654200554E-0001  6.85956549391869320E+0001  2.80730971901300995E+0002  1.92499826641187298E+0002  6.32226083974680826E+0001   2016.227  2457471.5000    49    0.0
 2.96441162744953795E+0000  6.80572458694248958E-0001  7.34046391785146334E+0001  2.83352243633851074E+0002  1.76935302082949130E+0002  1.39675798378279369E+0002   2016.227  2457471.5000    50    0.0
 3.01975596322323878E+0000  6.60723104737157657E-0001  7.30038633658438794E+0001  2.82436623133715758E+0002  1.80327725973794872E+0002 -1.60948380404198764E+0002   2016.227  2457471.5000    51    0.0
 2.91772333786761990E+0000  7.09284263028268199E-0001  7.43330799853129844E+0001  2.83361894222399694E+0002  1.76018357272092654E+0002  1.18203896708717651E+0002   2016.227  2457471.5000    52    0.0
 3.02192564552982202E+0000  6.93282741279001731E-0001  7.07904347381057556E+0001  2.81442238259272191E+0002  1.89395216158002567E+0002 -1.19583110660412322E+0002   2016.227  2457471.5000    53    0.0
 2.98529892871518147E+0000  6.95153236680049701E-0001  7.21700916245555314E+0001  2.81706996283464605E+0002  1.87762426785407849E+0002 -1.37543476228989563E+0002   2016.227  2457471.5000    54    0.0
 3.20035416209958702E+0000  5.81387628894029892E-0001  6.98258462260175688E+0001  2.83161125410839450E+0002  1.71776033878634380E+0002 -4.12056305967624391E+0001   2016.227  2457471.5000    55    0.0
 2.91043677122753855E+0000  7.69481684322206306E-0001  7.24776455444714261E+0001  2.81042421803368676E+0002  1.89883145759779354E+0002  5.78303460488913527E+0001   2016.227  2457471.5000    56    0.0
 3.00919764269911168E+0000  7.20633690185272150E-0001  7.28989187550205544E+0001  2.82418545152783443E+0002  1.77386751531531070E+0002  4.00720724100924265E+0001   2016.227  2457471.5000    57    0.0
 3.07653223145268544E+0000  6.65703795242514137E-0001  7.00578632172985364E+0001  2.81630790815813838E+0002  1.89785059732674108E+0002 -5.93987264922993165E+0001   2016.227  2457471.5000    58    0.0
 3.02409560835930991E+0000  6.62439506527384642E-0001  7.22928190087060226E+0001  2.83650165561207187E+0002  1.73747615279357040E+0002  1.79945106548661332E+0002   2016.227  2457471.5000    59    0.0
 2.91701435973055527E+0000  7.75591215854091784E-0001  7.13997696760341711E+0001  2.81176171369728815E+0002  1.89986404310857122E+0002 -2.03971410556391993E-0001   2016.227  2457471.5000    60    0.0
 3.05351354819068448E+0000  7.08234554771021580E-0001  7.18923655773793539E+0001  2.82739951168185286E+0002  1.76827125525889416E+0002 -5.15301384873582572E+0001   2016.227  2457471.5000    61    0.0
 3.02987592325530961E+0000  7.67000325010749872E-0001  7.06723088671916159E+0001  2.84070080166738935E+0002  1.70636709804848428E+0002  1.72244635641592316E+0002   2016.227  2457471.5000    62    0.0
 2.99002459158804341E+0000  6.65681944806937590E-0001  7.28690199601898939E+0001  2.83356384048963778E+0002  1.75766222918627414E+0002  1.41147037116229806E+0002   2016.227  2457471.5000    63    0.0
 3.02902348041542857E+0000  7.67775754070349015E-0001  7.07108138439775012E+0001  2.84079201527988424E+0002  1.70650002159096676E+0002  1.71002910854482340E+0002   2016.227  2457471.5000    64    0.0
 3.07131433313880232E+0000  6.26326422770479484E-0001  7.15912366108124585E+0001  2.83088837082433299E+0002  1.75718515566858553E+0002  1.18867550155134363E+0001   2016.227  2457471.5000    65    0.0
 2.97367291607554011E+0000  6.68883243871115494E-0001  7.30266528452961944E+0001  2.83224971067537397E+0002  1.77843208679675651E+0002  3.81732055419652003E+0001   2016.227  2457471.5000    66    0.0
 3.01172750963636240E+0000  6.89884762950832186E-0001  7.22084524541222708E+0001  2.83697883712181758E+0002  1.71737492956420942E+0002  8.88782680817558285E+0001   2016.227  2457471.5000    67    0.0
 3.07087892940333614E+0000  6.52402833184645005E-0001  7.16088905267790302E+0001  2.83458943079722767E+0002  1.71271837794363796E+0002 -7.23839799013845848E+0001   2016.227  2457471.5000    68    0.0
 3.12754765322577617E+0000  6.07525851050906765E-0001  7.07664286106368198E+0001  2.83379212201341475E+0002  1.73596378498597339E+0002 -6.46352509186371993E+0001   2016.227  2457471.5000    69    0.0
 3.10041984407941508E+0000  6.53056664370882351E-0001  6.97954265558086914E+0001  2.81337619213996524E+0002  1.90479034024367187E+0002 -5.95623863793811780E+0001   2016.227  2457471.5000    70    0.0
 2.93124372199321085E+0000  6.95841590083039365E-0001  7.40535008011031632E+0001  2.83524608549282221E+0002  1.77297903593789826E+0002 -1.04719287215660220E+0002   2016.227  2457471.5000    71    0.0
 3.00689284686110074E+0000  7.01146880736275979E-0001  7.33741099461293934E+0001  2.82520528958296596E+0002  1.77590545642273376E+0002 -1.18479751113579224E+0002   2016.227  2457471.5000    72    0.0
 3.02305266834731665E+0000  6.61365735528194644E-0001  7.21476156314034635E+0001  2.83588184205119790E+0002  1.73670617212129814E+0002 -1.42696972042745399E+0002   2016.227  2457471.5000    73    0.0
 3.11125949142869233E+0000  6.12218976126537799E-0001  7.10451001170594585E+0001  2.83315898609143184E+0002  1.73251009677935803E+0002  1.29330666304712058E+0002   2016.227  2457471.5000    74    0.0
 3.02543842170395608E+0000  7.62303707579370228E-0001  7.10435208680308791E+0001  2.83948685212829746E+0002  1.70675789684339354E+0002  1.58596371328371762E+0002   2016.227  2457471.5000    75    0.0
 3.00007074700137460E+0000  6.82355750114476787E-0001  7.26013619331654241E+0001  2.83514492167768043E+0002  1.73389019290271192E+0002  7.88100479504254050E+0001   2016.227  2457471.5000    76    0.0
 3.02994048050707062E+0000  6.47481585175045597E-0001  7.21097191259888560E+0001  2.83392359938204677E+0002  1.75766138705903027E+0002  7.89790441549137547E+0001   2016.227  2457471.5000    77    0.0
 3.01345163278331897E+0000  6.68818821298468788E-0001  7.25403307013367031E+0001  2.83378919433721395E+0002  1.73751099057715752E+0002  2.72146520395518834E+0001   2016.227  2457471.5000    78    0.0
 3.00331504744637717E+0000  7.24283285996107077E-0001  7.30874592558695546E+0001  2.82537061064604826E+0002  1.77266559601313062E+0002  1.38464284168333075E+0002   2016.227  2457471.5000    79    0.0
 3.00829378044153634E+0000  6.56116555223030518E-0001  7.27519388880055365E+0001  2.83314099764289874E+0002  1.76748472783047400E+0002  1.79998946554008142E+0002   2016.227  2457471.5000    80    0.0
 3.01362168129284767E+0000  6.93065890070212017E-0001  7.20098154054694860E+0001  2.81868470018711949E+0002  1.86012527600773146E+0002 -9.81933340185386502E+0000   2016.227  2457471.5000    81    0.0
 3.14661616131399808E+0000  5.98417824291068748E-0001  7.06263073506854630E+0001  2.81484118285557052E+0002  1.85166414213547221E+0002 -3.17016722855517006E+0001   2016.227  2457471.5000    82    0.0
 2.97899106013872216E+0000  6.74519382184973800E-0001  7.33731651139576505E+0001  2.83322655237909866E+0002  1.75692661878398279E+0002  1.47098569996928784E+0002   2016.227  2457471.5000    83    0.0
 3.06041637035595762E+0000  6.37991797525129870E-0001  7.18402372131129759E+0001  2.83280692405687324E+0002  1.75301768726329135E+0002  5.75227887071135493E+0001   2016.227  2457471.5000    84    0.0
 3.07757194330336303E+0000  6.85520337001917740E-0001  6.93269635577284682E+0001  2.81589682002330366E+0002  1.91922119264366486E+0002 -1.32434180460584020E+0002   2016.227  2457471.5000    85    0.0
 3.08955572036443826E+0000  6.54362529573564725E-0001  7.00664771571923746E+0001  2.81713399581485538E+0002  1.90038842334243329E+0002 -1.62828137510679541E+0002   2016.227  2457471.5000    86    0.0
 3.13341727512388897E+0000  6.02695022133110603E-0001  7.07590795448227624E+0001  2.82933395446905886E+0002  1.73747425182332134E+0002  5.84990196925532567E+0001   2016.227  2457471.5000    87    0.0
 3.03278212359257640E+0000  7.15962981548008502E-0001  7.24137798202377138E+0001  2.82516093997895209E+0002  1.77268541495112963E+0002  4.23614814445803696E+0001   2016.227  2457471.5000    88    0.0
 3.14101697470278530E+0000  6.59450514689742721E-0001  6.89873945558456703E+0001  2.80721641738431130E+0002  1.89662636155586078E+0002 -1.32454112252737317E+0001   2016.227  2457471.5000    89    0.0
 3.02433652739402300E+0000  7.43037820382168980E-0001  6.86585030622894610E+0001  2.81418457397978313E+0002  1.92877731215745113E+0002 -1.34586143061128683E+0002   2016.227  2457471.5000    90    0.0
 3.14783741158945026E+0000  6.20511900773030898E-0001  7.04156258579355487E+0001  2.81675093786831352E+0002  1.84147066224266141E+0002 -7.54240346709530764E+0001   2016.227  2457471.5000    91    0.0
 3.08317007976828731E+0000  6.36916799487875700E-0001  7.12735292733918929E+0001  2.83489594829804773E+0002  1.73413610991755744E+0002 -6.20233679285897676E+0001   2016.227  2457471.5000    92    0.0
 3.04782858482895861E+0000  6.56128646074316674E-0001  7.25938729235665018E+0001  2.82394377923329732E+0002  1.78852626994404706E+0002  1.35511885624053889E+0002   2016.227  2457471.5000    93    0.0
 3.08503182213776654E+0000  6.25338182751821695E-0001  7.10835837186304571E+0001  2.81673246985027452E+0002  1.86205984236549791E+0002  3.96306676043648552E+0001   2016.227  2457471.5000    94    0.0
 3.01791348861192333E+0000  6.91065798297786846E-0001  7.27581152408248826E+0001  2.82122644210964920E+0002  1.78320868678646675E+0002  1.68403197081275406E+0002   2016.227  2457471.5000    95    0.0
 3.09991766638210389E+0000  6.19452562942043782E-0001  7.11407134894639416E+0001  2.81160224560982543E+0002  1.86151268306232768E+0002 -1.31919511910148623E+0002   2016.227  2457471.5000    96    0.0
 2.95197020655792500E+0000  7.95141445253058672E-0001  6.92377505080114546E+0001  2.80948383893375846E+0002  1.91960334217585977E+0002 -1.47196431258931484E+0002   2016.227  2457471.5000    97    0.0
 3.12601208803723070E+0000  6.79774468116915981E-0001  6.82788305802853875E+0001  2.81245368486996394E+0002  1.93735980005297122E+0002 -7.97838097783244159E+0001   2016.227  2457471.5000    98    0.0
 3.07423631666021462E+0000  6.36883990061146860E-0001  7.17178843703124010E+0001  2.82027412196556666E+0002  1.82960564444661215E+0002 -3.54272968872345790E+0001   2016.227  2457471.5000    99    0.0
 3.09786575252087794E+0000  6.69742705059620325E-0001  7.02964597743596741E+0001  2.81161192076986990E+0002  1.88833917758027732E+0002 -1.56916515713268220E+0002   2016.227  2457471.5000   100    0.0
